-1 -1 -1 -1 -1 -1 -1 -1 -1 -1 -1 -1 -1 -1 -1 -1 -1 -1 -1
-1 1  1  1  1  1  1  1  1  1  1  1  1  1  1  1  1  1  -1
-1 1  1  1  1  1  1  1  1  1  1  1  1  1  1  1  1  1  -1
-1 2  2  2  2  2  2  2  2  2  2  2  2  2  2  2  2  2  -1
-1 2  3  3  3  3  3  3  3  3  3  3  3  3  3  3  3  2  -1
-1 2  3  5  5  5  5  5  5  5  5  5  5  5  5  5  3  2  -1
-1 2  3  5  4  4  4  4  4  4  4  4  4  4  4  5  3  2  -1
-1 2  3  5  4  6  6  6  1  1  1  6  6  6  4  5  3  2  -1
-1 2  3  5  4  1  2  2  2  1  2  2  2  1  4  5  3  2  -1
-1 2  3  5  4  1  2  3  3  3  3  3  2  1  4  5  3  2  -1
-1 2  3  5  4  1  2  2  2  2  2  2  2  1  4  5  3  2  -1
-1 2  3  5  4  6  6  6  1  1  1  6  6  6  4  5  3  2  -1
-1 2  3  5  4  4  4  4  4  4  4  4  4  4  4  5  3  2  -1
-1 2  3  5  5  5  5  5  5  5  5  5  5  5  5  5  3  2  -1
-1 2  3  3  3  3  3  3  3  3  3  3  3  3  3  3  3  2  -1
-1 2  2  2  2  2  2  2  2  2  2  2  2  2  2  2  2  2  -1
-1 1  1  1  1  1  1  1  2  2  2  1  1  2  1  1  1  1  -1
-1 1  1  1  1  1  1  1  2  9  2  1  1  2  1  1  1  1  -1
-1 -1 -1 -1 -1 -1 -1 -1 -1 -1 -1 -1 -1 -1 -1 -1 -1 -1 -1